Y
-9.78490812612953
-34.3767964821126
-0.0308652864636145
-12.7767954008413
-11.3601953428738
21.2463248704087
12.1546507119577
-11.7315984442066
24.8434834259207
-29.3757616548064
-22.2366228013993
13.6027716028892
30.5069768002292
34.5074482292916
4.79921773434444
-28.033190184101
-40.0178958248646
24.6502157006506
0.730654037578057
-20.6688038392811
15.8213249965928
21.5385613444473
-14.6228273020255
2.91512737892277
-1.35329663304523
13.2422167646818
-4.21101089381967
-14.0139830696343
11.8779508902374
-4.58823565084934
-0.670980374304775
0.0885352229492664
0.722511499959571
4.00743448508917
2.52920623491851
-19.2671435933138
-1.38459182467347
8.08757914927547
-4.06239937201815
-11.4026811461369
-10.4933636744454
17.2907904739669
4.4969775350267
21.8243857426438
5.67246191893556
4.26040803848181
-19.2314050093558
7.47761508308182
-14.3309889247464
-14.8918661189532
9.60072598337675
2.26471673496894
-35.6606253091323
-14.6013212709906
-13.3053000931681
9.72335812545607
-19.0074489463239
-2.98804900916165
15.8839174121445
8.41649504686392
-16.3172996719673
20.7405057804089
-21.0934191895048
-17.384934459984
-32.8510511381479
-34.6222772970374
-20.5080875239149
17.2950270269373
9.64002007886713
-27.0572315134215
-7.03955357107103
-2.30764799099037
-3.65273278568088
-4.5686475902438
25.7192834968911
-5.24250496818609
-16.081260660161
20.8434469812394
35.2385433623735
-22.6232804089997
5.46549622245144
-2.9574136960689
-32.5113020374589
10.576783814736
6.5765324276539
-0.0921050798028475
5.76954813581433
5.45794376733453
-24.4077066223803
-23.0346195625628
2.79136801347576
0.117131300430688
-19.6811028233225
27.7554471885012
-38.429098095582
8.5839099288269
6.19703189717328
-0.952015351530068
4.16122973209336
-19.2534140625713
-19.720372295407
22.2140867259818
-0.362430292999079
-32.5610113399483
-9.4776920895211
4.43936892872833
13.9311291563169
-15.0942340745805
22.5245345496021
16.7928728926961
10.4641275226453
12.2515003253579
18.8317406296343
13.3626520647417
-11.3696448123447
-29.4795798716063
-12.8477578651536
2.83688225761882
6.66673490760052
-3.15074647634046
19.5437401684625
-4.28837440945869
-18.53880450689
7.16956102703635
-22.9597171458151
-22.7089284844938
36.4567941513271
14.2565085087877
-0.135901980454197
11.1796354230462
13.3703659110818
3.99776347418493
-32.1387160032946
4.19915040431158
6.70744293915905
9.00345403114679
-32.0816214567401
-6.03779980007358
-12.9845594651503
-30.1042236182894
46.47613411805
-28.6708691962807
25.0535417094253
0.723779004932778
-3.66771970895986
-0.48580321055158
13.7108406850461
4.69151177750829
-5.31493947753068
-27.2030329395982
-9.89845584490287
17.8445530337628
16.009931681146
13.9156661166156
2.15030997768239
-6.51162323664279
3.25931814138425
7.01121894787622
-2.7455849540991
-2.19445151320436
-4.57219901166304
-14.3387486012903
23.7860349252636
53.5640208824487
7.87934684084746
-12.4713962281715
-9.42897289643771
-17.9500550027377
7.10073453104991
18.5575693783788
8.73422800530442
5.13544549627609
-0.657188921599001
18.8820778873292
3.69061552057636
-15.8882674160402
-12.781353815223
25.3919651311926
-20.1188604003031
10.6536620631176
-23.9697607022983
11.8246412271259
19.8762969366389
16.6533075660447
-11.1911676168259
10.5426672157935
10.8433923318681
-26.9513366110964
-15.6076216820894
-28.9939851109699
-0.41254945724358
1.76518455135263
-5.34781329562663
-15.9707154744371
-0.724929769750741
6.2556728505193
27.3191658589447
-17.8320008650269
42.3849978180801
28.000625475531
6.06967733295646
-30.8957015804804
-14.9645640145917
36.1635798315345
10.2537000348835
-18.9926589549768
-36.3819978023379
-19.3655948597754
6.51472477258231
31.5942478414315
-3.06972511248687
-2.62945016122146
10.7733006843131
-22.2693573724328
-60.5734506485089
9.42374336447027
8.9574604639598
4.1256025163533
13.3803551970398
-10.4242933551375
7.81836837197551
-0.485894598187066
-11.4883582521078
7.70144574576102
-14.2005968376796
-38.9506485603335
5.42566345628382
-34.0363171818401
1.6447579338158
-12.2427304188551
22.6828150739042
4.57008573448619
-2.39339869306829
-24.7868409079655
51.7396887872273
8.11475821492583
6.50547708141825
-29.0329673479429
12.6688879511619
12.4171154623683
41.396784556672
14.5632771610954
-21.9197033389636
3.87481489338785
1.4627494223877
32.8981021859299
22.3249264176413
15.975963853454
9.27493006926471
-10.2666640372709
-29.2564556747823
21.7483097178053
-16.1767574111993
10.5681337975631
5.99930431623815
11.3442926685932
6.3772662118654
-3.15774002883964
-3.80880540024271
-37.4151632414549
17.9359539919125
15.8816525777554
30.4617551652043
23.3280979042227
1.80563254676738
-9.58611701682181
53.3802356959957
-19.6608986788434
2.08392876494912
12.1660953714635
-2.23963842422338
1.6218051648618
-17.6070893646972
28.5806466992736
-11.7091759766179
10.6158350816975
-14.1785049244429
38.4541432986081
40.1783956116304
31.2822678391443
-19.1782793371363
-0.518693686645058
-46.9168537568503
-25.494128977769
-20.3737530855689
-4.08182927116652
5.46350728124817
-7.36643721400585
-4.82997211116103
-2.34597596767231
17.3167565597674
2.55866625101177
35.3192919351786
-17.4048895347874
12.6121451888377
-12.0675956384764
-3.05605380095691
18.9722539055001
-5.1864507611814
24.3206880538146
23.6341639510402
21.5568658817941
-24.4676048481147
-36.3031209415882
-16.4623913934186
-38.061455334142
-3.54338438364322
0.428263344008316
12.7401643618879
38.2435413333386
3.999270881468
1.48998694657695
-16.8736233677561
-11.4810728098392
6.37536927346761
-2.4615211712083
-0.208697766703833
2.45133307088007
-4.51247775665207
-5.62420619169178
-18.2083003260467
2.74584856353922
9.37343900372618
14.6520197570195
27.9790823083677
16.3346891458661
5.33711072968098
6.73680867118835
5.2991990398653
-17.219212247751
-14.646975258758
-0.998562570691983
6.87772421945503
25.4877808240324
12.7938285207798
-17.2139625107291
-36.9127213569193
16.6713901358063
-6.61961874383102
-16.4110969726649
12.948382034674
0.620234117413512
1.50719631215227
-7.15303503843109
31.0564557853575
36.8604320814817
0.954947191933063
-26.1037155008066
35.218897604566
-7.12016598899013
20.8039148556893
-9.95960580980806
-4.35897091343638
15.2753501812597
-14.0017026795624
-0.588122194994571
-20.4694763539373
23.4742454328142
-0.415409897954976
11.5424649485573
-29.4671190968016
4.16286952509229
-20.9947248194968
8.60871896928726
-14.6748239279389
-5.87752571527374
36.577321915741
9.71597631506062
-4.4944462615311
-8.92650371784526
-22.6700837742148
-8.87987193486486
-14.6344130175999
39.0354261082516
15.601533141187
5.89077592254498
28.5971469222511
36.7916771027483
14.7060983959856
-20.8856792307437
-2.61047885805844
2.26314050638629
9.4741064574232
22.5091944443122
2.02509246434042
12.9508593589079
7.63515195230673
14.9023442222003
-6.99131751146458
14.6774563237049
-3.46890139550146
-36.5375279123872
12.82813615744
-5.30009437053495
-2.84199993465197
-15.0629682262935
-19.016960203339
15.6876204033045
25.3190569160107
-4.4216554199206
-21.732556111802
23.3790839895228
14.5825414528458
-8.35330956937453
-67.5170794090123
10.7363130002175
9.2321404747998
7.64420681524255
17.3450091493926
6.01983598011328
11.0982641553288
7.4921409954686
-19.9385488871192
27.7323006513458
-21.2426050431511
3.63760236344503
1.1146118240827
-22.4949866865435
38.1640281857435
2.28017561537547
4.07377526129845
10.5731406850178
-23.5584077309392
-12.4948014833718
-34.2014567830164
9.90365941279156
-23.1313347202411
-9.32944681462823
31.4586035510793
-30.4096473082376
-3.18940194103681
-5.73755115987742
5.67745895238791
-6.10004295113296
-7.92621551548904
-26.8960336160087
10.609788611249
10.3775735213747
-25.1519381458431
-4.13337507459777
25.9541615847976
3.39841849482022
-12.1256800348449
-27.8156625113897
10.2523823760489
-17.2875721255915
-0.0823917725688146
-2.62706568086748
6.62989298434589
-5.57410368950136
19.6117176559984
8.10344330368991
-23.6774460474103
-4.56239735171016
10.5975127752057
-1.80292213200542
17.6668627475847
48.3125243798024
-0.595576805144403
2.3804062738727
21.6366743860274
-11.9151680396302
-10.4199292251331
29.4164151712616
10.6739269020839
3.06121279511039
-37.1278872004011
-38.128582751108
-1.91440648427851
-4.33014017240572
6.38732978538812
-31.488242269571
-20.2434990396134
9.64657267781517
2.37941689451681
3.09000707088266
22.3262131225988
4.65588899799931
-1.32788612217611
-18.4915453594389
2.09307197417107
-7.11957916695385
9.81690746131296
-11.8511883327451
10.0999895280304
4.54006582261012
-7.3159751164064
34.8063524071767
9.37958813983499
-11.0267889315957
-5.32930077018742
-58.464401043689
-3.37699120394335
38.7382698043608
-21.7216137914796
22.2418352633798
-1.11413822958388
13.5292704569137
16.4928558006981
-16.1357549690919
5.93601533473972
-11.1229483465781
-7.73311906711442
8.69910739648828
-36.3966105039915
19.5776546900986
-26.4033540525592
-8.78871320103847
-7.98741792180625
18.6571196317951
-16.7282204131619
9.97563827003032
-5.44589126162471
12.2387558019055
-9.92081457416283
-26.4764511872292
-6.3206204009361
6.4978197249543
3.78746872108161
-24.9221271986289
14.8166913791277
21.7604106838778
10.2542633323364
16.7243798716629
-6.87596851554661
35.7995518520101
17.7676730861142
-2.62505699963014
17.3871849897399
-13.2193002234965
-26.2694015691389
-39.2145508413385
-16.9565349862308
19.4475845775071
14.0125355595266
-44.7487366715685
-11.3046006061218
-8.64982532106829
18.8582084910744
-22.3419188742325
-5.52753479850556
-1.91268176642127
-8.45963163755211
14.3026881686329
15.5298672999721
11.114333347814
-0.422063445904889
-3.02843108760676
33.7960337354248
-34.4450244651221
8.30087313154076
-34.6471916785882
7.6939485001999
25.4179791397543
9.05604853457478
-38.9548709874923
6.52136407231359
-50.1076194492202
-16.1025049231196
4.73486007928372
19.6384791984693
-1.09416062696625
-17.2929076785224
12.3171329040416
-5.42701168558569
-20.8693437401474
-8.3745651267514
17.8539281408228
-20.0570186355617
-2.12247291794162
8.87763494744803
-23.5649626394163
-23.4454465837061
-21.5718123815623
-10.6433905872304
-33.0038341488109
-14.8139173354797
-36.0345952740121
-32.1430603277537
0.927984232448726
20.8923785052466
-1.31612110228458
-55.7838839913541
-2.38556590932505
-9.47744271422265
-9.18848633947946
16.7235492907721
-13.0147155046061
67.2302410396551
21.4435323542681
-10.318802804541
11.5193155140987
-19.7179937702441
28.0754476389376
-8.79875052297927
15.8651608193142
-11.9984097438011
6.40186196332864
-11.6734102414849
23.3229637346508
-5.35594915117225
5.96509600373691
-24.0439779312267
15.1369073009238
-12.283234578312
-4.55624478528066
-14.5813687516448
-11.7621499183293
11.8856039646103
-18.6624837888226
9.12493153556201
-9.66252024321605
8.42787174002954
1.99873083991534
20.7032367659056
-0.82437539494668
12.1011057704807
-6.172244429944
14.2569045220325
11.7707385493243
18.5731645052601
-25.3981426049889
-4.03546438224257
7.55617972520867
9.39345359745701
4.66850956764111
17.9633419342139
39.9641217747397
12.7301551605074
13.7479330476491
-14.2489389345173
8.5622532377959
22.0223035688225
-3.61310039621419
-32.4418186743936
49.3609933731521
21.1021350501445
-27.989288755387
7.72107226740803
5.04753131828446
22.187690102412
-62.8101168713161
-19.0504661141218
-10.4889728500786
16.4057919024206
-4.52273390076073
34.3994568745918
25.1883198736769
-39.1598851638682
3.67268197618205
-16.913878882618
20.2960284071422
-18.8565827969565
11.8897096367193
-8.04393263876299
23.6974679242489
-2.68541454536812
56.2159568107358
-11.7092333546716
17.1099109342058
15.4426646432176
-35.7250443813925
-20.3031666506072
23.390890202717
9.98633814758247
-18.1589551944506
2.24939814226343
-6.33473465546561
-37.7051635928274
-8.46272311200629
-27.9805772799544
-14.9672715663399
28.1085087352178
9.40758175175744
-11.2484312334943
-17.1750449962968
-3.51250222821461
-32.9041852780004
0.196655728640996
18.5357488344523
34.6227281923467
12.9518936303629
-32.1152108386972
15.8193403417267
-34.3947711148425
23.6322472342602
-20.4847546397589
-28.1243108982378
-22.8758453333774
-23.3699218624794
27.8561873023275
20.4582043605649
-5.76908815982671
-6.52077935134615
3.37894502963726
-26.0982439582361
7.7067227870538
24.1541795590433
-16.5369268564549
16.2767182395655
-5.49513646057325
-12.441883823542
27.1933189904632
9.63077418521909
25.3727911448268
11.7030205192473
-1.47476345950574
-3.45918445288978
30.6487877521121
2.85779696570915
26.2562366655819
-0.46019012349097
-11.2601305099556
13.5111494349816
-4.40573390356443
-43.0504414390943
-7.74840698204038
-1.8256361928892
32.4986919484318
11.6786427948684
1.53856099639713
-10.9569438886092
33.268438387858
22.5225511192977
12.0118106300639
-12.1260131005687
-2.60299790760886
-9.19539855802597
-20.1853518219505
18.4947488058369
13.9750526126086
-21.3988334923998
18.3426502945677
-21.5848605898117
32.8399872375713
9.40740207690575
6.48695136869349
-25.9442216547314
8.45504157107959
25.8729492060306
24.549603790575
-7.49915768256312
23.0563126124699
-3.98016181721491
33.4723717663938
-6.01648425300957
10.9178756288957
-10.957277210437
23.8954703517298
-13.1365905527703
8.5517370336301
-14.8363371177195
26.2070736509345
9.53925936448295
3.51852361435278
-15.4563269441784
-21.7089209585965
-10.5271152624393
2.16551713129093
-5.78475423810234
-15.1270143050007
16.0876995375755
46.4570069275694
-15.0623806330213
12.7195629614135
-22.3993338337297
-16.5011029289328
-1.06976472176533
-15.3372343043664
-32.5838711870317
-2.5492464636573
4.12638031578496
-20.6669917301511
-27.8005112166133
9.72851065215207
-7.23291975677574
8.9149589972696
-6.59838747180469
9.24118521089213
35.8273728833137
-28.0198762364559
-9.99215227149199
-17.0991256788234
15.7143397688827
3.16441677663539
7.68010822464655
10.2414333084009
27.9286933133805
15.3021632062623
-0.416109251491411
27.3342531891486
-50.5176808523184
2.0139915785139
27.5819061652253
-6.4326502280968
15.1435631728062
-29.4497860619362
-7.68770418258489
-21.3254234144862
-28.913109386542
-16.1880409312454
53.0381054239825
-16.4653115944174
23.5008971280793
18.8545843742483
-12.8256605269927
31.6101875625758
18.9888034603063
11.8889970094145
22.4993473852169
13.6453467788953
28.3255967035991
13.0211731627541
-13.2618704999911
29.2568038532816
15.3756394190421
-0.18449407524961
-33.9698950620369
8.40213324919797
-12.6620285210532
11.2654038925966
2.63245005090067
5.06573050724498
3.69264881730842
6.16530084368629
-12.2461483603237
6.98642489778522
-41.7617518399969
24.1988907349273
-6.99126758630975
-14.4343899461408
-3.28346657448801
-13.2321000478178
-20.8321182937297
17.4878463395695
19.4562895225313
14.3781031707733
39.5388792540017
10.7165536056789
41.2759987361548
-6.11562272020981
-3.41181225795502
5.39598448860723
45.2970939552057
1.47298181767958
-8.77391553879405
-18.0852617113054
-19.3741984252351
-22.8109494984757
-19.8203149474751
-21.6328248724474
-0.826051784327404
-2.78039974059196
-4.09182605907783
9.14859830605662
-35.6315136923834
-4.76144532430365
5.31726549883103
35.0958536714365
26.8019393729935
-1.41691176707928
-4.16697897072855
9.23545621633027
7.66544980843467
-3.13890159171456
11.310677224818
-27.1875681063927
35.104725194184
6.81582213771117
26.219262793018
-3.7387807356036
17.3362871755361
-7.49928803464917
-18.5526205105866
-1.47312090192113
22.4222207253105
-21.6068825154376
15.3755229449647
-37.4367611115853
-7.21149668237512
8.89894075789258
32.0103203737675
-6.12586556616666
-1.05429158422796
2.91909057381748
11.1899922735571
-17.0191886121509
11.4093653916846
-15.2196841677995
32.3999334845843
2.80129072524713
41.9948981316944
-7.59307248321929
-1.93710391925815
14.7226893967747
12.4419657066468
-34.9500627490008
20.7358196707481
9.67462927276329
29.7892643177358
-13.0812729285186
-3.09678542145821
-13.0937340684446
9.59708291619725
-4.71069973230342
-3.89616369913599
7.24814601734691
-19.4696316328317
-8.77395393770229
2.22158367324165
5.49681841808162
18.7561431774272
23.501780154259
22.14450310918
-11.3307256065674
-19.7085285538902
-9.68065393154779
-3.909476970356
-5.32995614369264
-19.6120502826904
5.13875532548168
-21.630113064205
-9.42251909704859
8.47151857372778
27.0311927860313
2.8195233066797
22.0924223028248
7.99760900101615
-8.63641352707051
18.9792274984953
37.1233332122885
1.20754065537961
28.759564372597
30.1532892998602
-40.7239148087778
-22.0484417301831
-4.67609049259144
-32.6538790960844
20.5594413312065
17.8978659049258
14.7314678611475
8.36863394484195
10.7311068583759
-24.4226382633196
24.0643548433751
0.747820486523429
-18.3928721813693
-4.95634236107974
-9.1951547439411
-17.8930655490192
13.1499067207834
-4.77962197783916
16.4279608678177
4.55711263693541
22.8443683445319
-1.69487166527648
9.43821090784756
10.8196546029899
17.7889209641084
8.9054087999026
-13.8529337668477
17.7440658429121
-2.30741210984724
19.7072774798939
15.801077469376
20.6130266726491
-10.4976316681124
-7.32456257873514
-30.0649484230437
17.0228646194704
-12.0323972283855
21.3929284319127
-2.0338442900725
5.26778984420387
20.3262983933777
7.21142871795
19.3957452319117
20.8778205843086
-0.387051972957996
9.79788174112266
3.25641209058651
13.0415736514961
-0.0354083564443872
4.9592927463447
3.90614101316483
-5.55804769834085
8.15916569440104
33.4802253425099
0.214193114644413
4.09037055978768
1.71157152579155
-20.7364512457369
12.4229616583305
-0.406790454259154
-21.7067880790155
3.00951442534736
35.193696760438
23.4075327053061
10.951640116427
-17.5072981647726
